-5.0  -5.0 17.50000007699433
-5.0  -4.0 14.500000575621122
-5.0  -3.0 11.50000439362233
-5.0  -2.0 8.500035591209038
-5.0  -1.0 5.500343133835811
-5.0  0.0 2.5067153484891183
-5.0  1.0 0.3843411004271698
-5.0  2.0 0.4187818570428764
-5.0  3.0 1.333080771873151
-5.0  4.0 2.5123788798976907
-5.0  5.0 3.751690263322899
-4.0  -5.0 17.00000020929223
-4.0  -4.0 14.000001564697449
-4.0  -3.0 11.000011942940482
-4.0  -2.0 8.000096737881686
-4.0  -1.0 5.00093217553947
-4.0  0.0 2.0181499279178094
-4.0  1.0 0.2878717017597376
-4.0  2.0 0.709557815928551
-4.0  3.0 1.7834946919915395
-4.0  4.0 3.0046228696212975
-4.0  5.0 4.25062312481069
-3.0  -5.0 16.500000568914864
-3.0  -4.0 13.500004253266596
-3.0  -3.0 10.50003246307184
-3.0  -2.0 7.500262893951903
-3.0  -1.0 4.5025298004104854
-3.0  0.0 1.548587351573742
-3.0  1.0 0.3315964760213772
-3.0  2.0 1.0921416619769848
-3.0  3.0 2.2627966099148757
-3.0  4.0 3.501710252751327
-3.0  5.0 4.750229413036972
-2.0  -5.0 16.00000154646795
-2.0  -4.0 13.000011561414393
-2.0  -3.0 10.000088234866924
-2.0  -2.0 7.000714126409956
-2.0  -1.0 4.006846590110969
-2.0  0.0 1.1269280110429727
-2.0  1.0 0.5339531410647177
-2.0  2.0 1.5368886139067213
-2.0  3.0 2.7547766983874484
-2.0  4.0 4.000630478891608
-2.0  5.0 5.250084420501986
-1.0  -5.0 15.500004203713686
-1.0  -4.0 12.500031425978989
-1.0  -3.0 9.500239781423433
-1.0  -2.0 6.501937564632998
-1.0  -1.0 3.5183940075425983
-1.0  0.0 0.8132616875182228
-1.0  1.0 0.8724221291471775
-1.0  2.0 2.0140536181047324
-1.0  3.0 3.251766864131571
-1.0  4.0 4.5002321184814855
-1.0  5.0 5.750031059824104
0.0  -5.0 15.00001142671566
0.0  -4.0 12.000085415775388
0.0  -3.0 9.00065130788967
0.0  -2.0 6.005240282990901
0.0  -1.0 3.048500174226855
0.0  0.0 0.6931471805599453
0.0  1.0 1.2985001742268554
0.0  2.0 2.5052402829909135
0.0  3.0 3.750651307889518
0.0  4.0 5.000085415775771
0.0  5.0 6.250011426685384
1.0  -5.0 14.500031059830224
1.0  -4.0 11.500232118479351
1.0  -3.0 8.501766864131488
1.0  -2.0 5.514053618104727
1.0  -1.0 2.622422129147178
1.0  0.0 0.8132616875182228
1.0  1.0 1.7683940075425992
1.0  2.0 3.0019375646330144
1.0  3.0 4.250239781423686
1.0  4.0 5.500031425973299
1.0  5.0 6.750004203690201
2.0  -5.0 14.000084420482432
2.0  -4.0 11.000630478891352
2.0  -3.0 8.004776698387438
2.0  -2.0 5.036888613906721
2.0  -1.0 2.2839531410647176
2.0  0.0 1.1269280110429718
2.0  1.0 2.2568465901109733
2.0  2.0 3.5007141264100463
2.0  3.0 4.750088234869127
2.0  4.0 6.000011561383681
2.0  5.0 7.250001545766264
3.0  -5.0 13.500229413011656
3.0  -4.0 10.501710252751487
3.0  -3.0 7.512796609914863
3.0  -2.0 4.592141661976983
3.0  -1.0 2.081596476021377
3.0  0.0 1.5485873515737436
3.0  1.0 2.752529800410502
3.0  2.0 4.00026289395175
3.0  3.0 5.250032463071976
3.0  4.0 6.500004253213201
3.0  5.0 7.750000569147663
4.0  -5.0 13.000623124808556
4.0  -4.0 10.004622869621219
4.0  -3.0 7.033494691991535
4.0  -2.0 4.209557815928552
4.0  -1.0 2.0378717017597374
4.0  0.0 2.01814992791781
4.0  1.0 3.2509321755394933
4.0  2.0 4.500096737882007
4.0  3.0 5.7500119429352
4.0  4.0 7.000001564647143
4.0  5.0 8.250000207373597
5.0  -5.0 12.501690263322653
5.0  -4.0 9.512378879897678
5.0  -3.0 6.583080771873151
5.0  -2.0 3.9187818570428763
5.0  -1.0 2.13434110042717
5.0  0.0 2.5067153484891276
5.0  1.0 3.750343133835902
5.0  2.0 5.000035591210996
5.0  3.0 6.2500043935935
5.0  4.0 7.5000005749136065
5.0  5.0 8.750000067990978
